0 0 0 0 0 0 0 0 0 0 0 0 0 0 0 0 0 0 0 0 0 0 
0 0 0 0 0 0 0 0 0 0 0 0 0 0 0 0 0 0 0 12 0 0 
0 39 44 0 0 0 0 0 0 0 0 0 0 0 0 0 0 0 0 19 0 0 
0 0 45 39 44 0 0 0 0 0 0 0 0 0 0 0 0 0 0 40 0 0 
0 0 0 37 38 0 0 0 0 0 0 0 0 0 0 0 0 0 0 0 0 0 
0 0 0 0 38 0 0 37 0 0 0 0 0 0 0 0 0 0 0 0 0 0 
0 0 0 0 38 0 0 0 0 0 0 0 0 0 0 0 0 0 0 0 0 0 
0 0 0 0 38 0 0 0 0 0 0 0 37 0 0 0 0 0 0 0 0 0 
0 0 0 0 45 44 0 0 0 0 0 0 0 0 0 0 0 0 0 0 18 0 
0 0 0 0 0 45 39 39 39 39 39 44 0 0 0 0 0 0 0 0 0 0 
0 0 0 0 0 0 0 0 37 0 0 38 25 0 0 0 0 0 37 0 0 0 
0 0 0 0 0 0 0 0 0 0 0 38 0 0 0 0 0 0 0 0 0 0 
0 0 0 0 0 0 0 37 0 0 0 38 0 0 0 0 0 0 0 0 0 0 
0 0 0 0 0 0 0 0 0 0 0 45 39 39 39 39 39 44 0 0 0 0 
0 0 0 0 0 0 0 0 0 0 0 0 0 0 0 0 37 45 39 39 39 0 
0 0 0 0 0 0 0 0 0 0 37 0 0 0 0 0 0 0 0 0 0 0 
0 0 0 0 0 0 0 0 0 0 0 0 0 0 0 0 0 0 0 0 0 0 
0 0 0 0 0 0 0 0 0 0 0 0 0 0 0 0 0 0 0 0 0 0 
0 0 0 0 0 0 0 0 0 0 0 0 0 0 0 0 0 0 0 0 0 0 
0 0 0 0 0 0 0 0 0 0 0 0 0 0 0 37 0 0 0 0 0 0 
0 0 0 0 0 0 0 0 0 0 0 0 0 0 0 0 0 0 0 0 0 0 
0 0 0 0 0 0 0 0 0 0 0 0 0 0 0 0 0 0 0 0 0 0