0 0 0 0 0 0 0 0 0 0 0 0 0 0 0 0 0 0 0 0 0 0 
0 89 0 0 0 0 0 0 0 0 0 0 0 0 0 0 0 0 0 0 0 0 
0 25 0 25 37 0 0 0 0 0 0 0 0 0 0 0 0 0 0 0 0 0 
0 0 0 0 0 0 37 0 0 0 0 0 25 0 0 0 0 89 90 0 0 0 
0 0 0 0 25 0 0 0 0 0 25 0 0 0 0 0 0 96 97 0 0 0 
0 103 103 0 0 0 0 0 0 0 0 0 0 0 97 0 0 0 0 0 0 0 
0 0 0 0 0 0 0 0 0 0 0 0 0 0 0 0 0 0 0 0 0 0 
0 0 0 0 0 0 0 0 0 0 0 0 0 0 0 0 0 0 0 0 0 0 
0 0 0 0 0 0 25 0 0 0 0 0 0 0 0 0 0 0 0 0 0 0 
0 0 0 25 0 37 0 0 0 0 0 0 0 25 0 0 0 0 0 0 0 0 
0 0 0 0 0 0 0 0 0 0 0 0 0 0 0 0 0 0 0 0 0 0 
0 0 0 0 0 0 0 0 0 0 0 37 0 0 0 0 0 0 0 0 0 0 
0 0 0 0 0 0 0 0 0 25 0 0 0 0 0 0 0 0 0 0 0 0 
0 11 0 0 0 0 0 0 0 0 0 0 0 0 0 0 0 0 0 0 0 0 
0 18 0 0 0 0 0 0 0 37 0 0 0 0 0 0 0 0 0 0 0 0 
0 0 0 0 0 0 0 0 0 0 0 0 37 0 0 0 0 0 0 0 0 0 
0 0 0 0 0 0 0 0 0 0 0 0 0 0 0 0 0 0 0 0 0 0 
0 0 0 0 25 0 0 0 0 0 0 37 0 0 0 0 0 0 0 0 0 0 
0 0 0 0 0 0 0 37 0 0 0 0 0 0 0 0 0 0 0 0 0 0 
0 0 0 0 0 0 0 0 0 0 0 0 0 0 0 0 0 97 0 0 0 0 
0 0 0 0 0 0 0 0 0 0 0 0 0 0 0 0 0 0 0 0 0 0 
0 0 0 0 0 0 0 0 0 0 0 0 0 0 0 0 0 0 0 0 0 0