70 70 70 70 70 70 70 70 70 70 70 70 70 70 70 70 70 70 70 70 70 70
70 70 70 70 70 70 70 70 70 70 70 70 70 70 70 70 70 70 70 70 70 70
70 70 70 70 70 70 70 70 70 70 70 70 70 70 70 70 70 70 70 70 70 70
70 70 70 70 70 70 70 70 70 70 70 70 70 70 70 70 70 70 70 70 70 70
70 70 70 70 70 70 70 70 70 70 70 70 70 70 70 70 70 70 70 70 70 70
70 70 70 70 70 70 70 70 70 70 70 70 70 70 70 70 70 70 70 70 70 70
70 70 70 70 70 70 70 70 70 70 70 70 70 70 70 70 70 70 70 70 70 70
70 70 70 70 70 70 70 70 70 70 70 70 70 70 70 70 70 70 70 70 70 70
70 70 70 70 70 70 70 70 70 70 70 70 70 70 70 70 70 70 70 70 70 70
70 70 70 70 70 70 70 70 70 70 70 70 70 70 70 70 70 70 70 70 70 70
70 70 70 70 70 70 70 70 70 50 51 52 70 70 70 70 70 70 70 70 70 70
70 70 70 70 70 70 70 70 70 57 58 59 70 70 70 70 70 70 70 70 70 70
70 70 70 70 70 70 70 70 50 79 58 59 70 70 70 70 70 70 70 70 70 70
70 70 56 70 70 70 70 70 57 58 58 59 70 70 70 70 70 70 70 70 70 70
70 70 70 70 70 70 70 70 57 58 71 70 70 70 70 70 70 70 70 70 70 70
70 70 70 70 70 70 70 56 57 58 78 70 70 70 70 70 70 70 70 70 70 70
70 70 70 70 70 70 70 70 57 58 58 59 70 70 63 70 70 70 56 70 70 70
70 70 70 70 70 70 70 70 64 72 58 59 70 70 70 70 70 70 70 70 70 70
70 70 70 70 56 70 70 70 70 57 58 59 70 70 70 70 70 70 70 70 70 70
70 70 70 70 70 70 63 70 70 64 65 66 70 70 70 70 70 56 70 70 70 70
70 70 70 70 70 70 70 70 70 70 70 70 70 70 70 70 70 70 70 70 70 70
70 70 70 70 70 70 70 70 70 70 70 70 70 70 70 70 70 70 70 70 70 70