[13,13,13,13,1,11,12,0,10,2,1,13,13,13,13,13,13,13,13,13],
            [13,1,2,1,8,18,19,0,17,18,9,2,1,2,13,13,13,13,13,13],
            [13,8,18,18,19,0,0,0,0,0,17,18,9,16,13,13,13,13,13,13],
            [11,12,0,0,0,0,0,26,0,0,0,0,10,11,11,11,11,11,11,11],
            [18,19,0,0,0,0,0,33,0,0,0,0,17,18,18,18,18,18,18,18],
            [5,0,0,0,0,0,0,40,0,0,0,0,0,0,0,0,0,0,0,3],
            [12,0,0,22,23,0,0,0,0,22,23,0,0,0,0,0,0,0,0,10],
            [12,0,0,29,30,0,0,0,0,29,30,0,0,0,0,0,0,0,0,17],
            [12,0,0,0,0,0,0,0,0,0,0,0,0,0,0,0,0,0,26,3],
            [12,0,0,0,0,0,0,0,0,0,0,0,3,4,5,0,0,0,33,10],
            [12,0,0,0,0,0,0,0,0,0,0,0,10,11,12,0,0,0,40,17],
            [12,0,0,0,0,0,22,23,0,0,0,0,17,18,19,0,0,0,0,31],
            [12,0,0,0,0,0,29,30,0,0,0,0,0,0,0,0,0,0,3,4],
            [12,0,0,0,0,0,0,0,0,0,0,0,0,0,0,0,0,0,10,13],
            [12,0,0,0,0,0,0,0,0,0,0,26,0,0,3,4,4,4,16,13],
            [12,0,0,26,0,0,0,0,0,0,0,33,0,0,10,11,11,11,11,11],
            [12,0,0,33,0,0,0,0,0,0,0,40,0,0,17,18,18,18,18,18],
            [12,0,0,40,0,0,0,0,0,0,0,0,0,0,0,0,0,0,0,0],
            [12,0,0,0,0,0,0,0,0,0,0,0,0,0,0,0,0,0,0,0],
            [15,4,4,4,4,4,4,4,4,4,4,4,4,4,4,4,4,4,4,4]

1 : 1,
                    2 : 2,
                    3 : 3,
                    4 : 4,
                    5 : 5,
                    6 : 6,
                    7 : 7,
                    8 : 1,
                    9 : 2,
                    10 : 3,
                    11 : 4,
                    12 : 5,
                    13 : 6,
                    14: 7,
                    15: 1,
                    16: 2,
                    17: 3,
                    18: 4,
                    19: 5,
                    20 : 6,
                    21 : 7,
                    22 : 1,
                    23 : 2,
                    24 : 3,
                    25 : 4,
                    26 : 5,
                    27 : 6,
                    28 : 7,
                    29 : 1,
                    30 : 2,
                    31 : 3,
                    32 : 4,
                    33 : 5,
                    34 : 6,
                    35 : 7,
                    36 : 1,
                    37 : 2,
                    38 : 3,
                    39 : 4,
                    40 : 5,
                    41 : 6,
                    42 : 7,
                    43 : 1,
                    44 : 2,
                    45 : 3,
                    46 : 4,
                    47 : 5,
                    48 : 6,
                    49: 7,
                    50: 1,
                    51: 2,
                    52: 3,
                    53: 4,
                    54: 5,
                    55 : 6,
                    56 : 7,
                    57 : 1,
                    58 : 2,
                    59 : 3,
                    60 : 4,
                    61 : 5,
                    62 : 6,
                    63 : 7,
                    64 : 1,
                    65 : 2,
                    66 : 3,
                    67 : 4,
                    68 : 5,
                    69 : 6,
                    70 : 7,
                    71 : 1,
                    72 : 2,
                    73 : 3,
                    74 : 4,
                    75 : 5,
                    76 : 6,
                    77 : 7,
                    78 : 1,
                    79 : 2,
                    80 : 3,
                    81 : 4,
                    82 : 5,
                    83 : 6,
                    84 : 7